[gd_scene load_steps=9 format=2]

[ext_resource path="res://Player.tscn" type="PackedScene" id=1]
[ext_resource path="res://Mob.tscn" type="PackedScene" id=2]
[ext_resource path="res://Main.gd" type="Script" id=3]

[sub_resource type="BoxShape" id=1]
extents = Vector3( 30, 1, 30 )

[sub_resource type="CubeMesh" id=2]
size = Vector3( 60, 2, 60 )

[sub_resource type="CylinderMesh" id=3]

[sub_resource type="SpatialMaterial" id=4]
albedo_color = Color( 0.870588, 0.113725, 0.309804, 1 )

[sub_resource type="Curve3D" id=5]
_data = {
"points": PoolVector3Array( 0, 0, 0, 0, 0, 0, -14.0337, 0, -11.2444, 0, 0, 0, 0, 0, 0, 16.823, 0, -11.2444, 0, 0, 0, 0, 0, 0, 16.1257, 0, 16.6487, 0, 0, 0, 0, 0, 0, -14.9054, 0, 16.4744, 0, 0, 0, 0, 0, 0, -14.0337, 0, -11.2444 ),
"tilts": PoolRealArray( 0, 0, 0, 0, 0 )
}

[node name="Main" type="Node"]
script = ExtResource( 3 )
mob_scene = ExtResource( 2 )

[node name="Ground" type="StaticBody" parent="."]
transform = Transform( 1, 0, 0, 0, 1, 0, 0, 0, 1, 0, -1, 0 )

[node name="CollisionShape" type="CollisionShape" parent="Ground"]
transform = Transform( 1, 0, 0, 0, 0.998639, 0.0521617, 0, -0.0521617, 0.998639, 0, 0, 0 )
shape = SubResource( 1 )

[node name="MeshInstance" type="MeshInstance" parent="Ground"]
transform = Transform( 0.998135, 0, -0.0610485, 0, 1, 0, 0.0610485, 0, 0.998135, -0.57878, 0, 1.59657 )
mesh = SubResource( 2 )
material/0 = null

[node name="DirectionalLight" type="DirectionalLight" parent="."]
transform = Transform( 0.707107, 0.5, -0.5, 0, 0.707107, 0.707107, 0.707107, -0.5, 0.5, 0, 13.086, 0 )
shadow_enabled = true

[node name="Player" parent="." instance=ExtResource( 1 )]
transform = Transform( 1, 0, 0, 0, 1, 0, 0, 0, 1, 0, 10, 0 )

[node name="CameraPivot" type="Position3D" parent="."]
transform = Transform( 1, 0, 0, 0, 0.707107, 0.707107, 0, -0.707107, 0.707107, 0, 0, 0 )

[node name="Camera" type="Camera" parent="CameraPivot"]
transform = Transform( 1, 0, 0, 0, 1, 0, 0, 0, 1, 0, 4.929, 30 )
projection = 1
size = 19.0

[node name="Sylinders" type="Spatial" parent="."]
transform = Transform( 1, 0, 0, 0, 1, 0, 0, 0, 1, -19, 0, -13 )

[node name="MeshInstance" type="MeshInstance" parent="Sylinders"]
transform = Transform( 1, 0, 0, 0, 1, 0, 0, 0, 1, 5, 0, 2 )
mesh = SubResource( 3 )
material/0 = SubResource( 4 )

[node name="MeshInstance2" type="MeshInstance" parent="Sylinders"]
transform = Transform( 1, 0, 0, 0, 1, 0, 0, 0, 1, 4, 0, 30 )
mesh = SubResource( 3 )
material/0 = SubResource( 4 )

[node name="MeshInstance3" type="MeshInstance" parent="Sylinders"]
transform = Transform( 1, 0, 0, 0, 1, 0, 0, 0, 1, 36, 0, 2 )
mesh = SubResource( 3 )
material/0 = SubResource( 4 )

[node name="MeshInstance4" type="MeshInstance" parent="Sylinders"]
transform = Transform( 1, 0, 0, 0, 1, 0, 0, 0, 1, 35, 0, 30 )
mesh = SubResource( 3 )
material/0 = SubResource( 4 )

[node name="SpawnPath" type="Path" parent="."]
curve = SubResource( 5 )

[node name="SpawnLocation" type="PathFollow" parent="SpawnPath"]
transform = Transform( 1, 0, 0, 0, 1, 0, 0, 0, 1, -14.0337, 0, -11.2444 )

[node name="MobTimer" type="Timer" parent="."]
wait_time = 0.5
autostart = true

[connection signal="timeout" from="MobTimer" to="." method="_on_MobTimer_timeout"]
